0	0.577	0
0	1.732	0
1	0	0
1	2.309	0
2	0.577	0
2	1.732	0
3	0	0
3	2.309	0
4	0.577	0
4	1.732	0
6	6	0
10	10	0
10	0.577	0
10	1.732	0
11	0	0
11	2.309	0
12	0.577	0
12	1.732	0
0	10.577	0
0	11.732	0
1	10	0
1	12.309	0
2	10.577	0
2	11.732	0
10	11	0
10	12	0
0	0.577	10
0	1.732	10
1	0	10
1	2.309	10
2	0.577	10
2	1.732	10
3	0	10
3	2.309	10
4	0.577	10
4	1.732	10
6	6	10
10	10	10
10	0.577	10
10	1.732	10
11	0	10
11	2.309	10
12	0.577	10
12	1.732	10
0	10.577	10
0	11.732	10
1	10	10
1	12.309	10
2	10.577	10
2	11.732	10
10	11	10
10	12	10
0	0.577	2
0	1.732	2
1	0	2
1	2.309	2
2	0.577	2
2	1.732	2
3	0	2
3	2.309	2
4	0.577	2
4	1.732	2
6	6	2
10	10	2
10	0.577	2
10	1.732	2
11	0	2
11	2.309	2
12	0.577	2
12	1.732	2
0	10.577	2
0	11.732	2
1	10	2
1	12.309	2
2	10.577	2
2	11.732	2
10	11	2
10	12	2
